{"frame_length":0.0083333333333333332,"skeleton_structure":{"length":1,"mass":1,"angle":"deg","type":"acclaim","documentation":".ast/.asf automatically generated from VICON data using VICON BodyBuilder and BodyLanguage model FoxedUp or BRILLIANT.MOD","name":"/usr/local/google/home/amedhat/datasets/data/mocap/online_datasets/CMU_motion_data/jump/16.asf","tree":[{"name":"root","id":0,"offset":[0,0,0],"orientation":[0,0,0],"axis":[0,0,0],"axisOrder":"zyx","C":[[1,0,0],[0,1,0],[0,0,1]],"Cinv":[[1,0,0],[0,1,0],[0,0,1]],"channels":["Xposition","Yposition","Zposition","Xrotation","Yrotation","Zrotation"],"bodymass":[],"confmass":[],"parent":0,"order":"zyx","rotInd":[4,5,6],"posInd":[1,2,3],"children":[2,7,12],"limits":[]},{"name":"lhipjoint","id":1,"offset":[0.090551045970832064,-0.10164068013508604,0.042216146466075639],"orientation":[],"axis":[0,0,0],"axisOrder":"zyx","C":[[1,0,0],[0,1,0],[0,0,1]],"Cinv":[[1,0,0],[0,1,0],[0,0,1]],"channels":[],"bodymass":[],"confmass":[],"parent":1,"order":[],"rotInd":[0,0,0],"posInd":[0,0,0],"children":3,"limits":[]},{"name":"lfemur","id":2,"offset":[0.13845267773489903,-0.38039591865604494,0],"orientation":[],"axis":[0,0,20],"axisOrder":"zyx","C":[[0.93969262078590843,0.34202014332566871,0],[-0.34202014332566871,0.93969262078590843,0],[0,0,1]],"Cinv":[[0.93969262078590832,-0.34202014332566866,-0],[0.34202014332566866,0.93969262078590843,-0],[0,0,1]],"channels":["Xrotation","Yrotation","Zrotation"],"bodymass":[],"confmass":[],"parent":2,"order":"zyx","rotInd":[7,8,9],"posInd":[0,0,0],"children":4,"limits":[[-160,20],[-70,70],[-60,70]]},{"name":"ltibia","id":3,"offset":[0.15316532530201948,-0.42081861887910232,0],"orientation":[],"axis":[0,0,20],"axisOrder":"zyx","C":[[0.93969262078590843,0.34202014332566871,0],[-0.34202014332566871,0.93969262078590843,0],[0,0,1]],"Cinv":[[0.93969262078590832,-0.34202014332566866,-0],[0.34202014332566866,0.93969262078590843,-0],[0,0,1]],"channels":["Xrotation"],"bodymass":[],"confmass":[],"parent":3,"order":"x","rotInd":[10,0,0],"posInd":[0,0,0],"children":5,"limits":[-10,170]},{"name":"lfoot","id":4,"offset":[0.012009739883198763,-0.032996517196856631,0.12228609783078279],"orientation":[],"axis":[-90,7.62852E-16,20],"axisOrder":"zyx","C":[[0.93969262078590843,0.34202014332566871,-1.3314279105423781E-17],[-3.3454023514835692E-17,5.2985826363477517E-17,-1],[-0.34202014332566871,0.93969262078590843,6.123233995736766E-17]],"Cinv":[[0.93969262078590832,-3.3454023514835686E-17,-0.34202014332566866],[0.34202014332566866,5.2985826363477517E-17,0.93969262078590843],[-1.3314279105423781E-17,-1,6.123233995736766E-17]],"channels":["Xrotation","Zrotation"],"bodymass":[],"confmass":[],"parent":4,"order":"zx","rotInd":[11,0,12],"posInd":[0,0,0],"children":6,"limits":[[-45,90],[-70,20]]},{"name":"ltoes","id":5,"offset":[9.7712117195418028E-13,-2.6858171922386661E-12,0.063619629916020784],"orientation":[],"axis":[-90,7.62852E-16,20],"axisOrder":"zyx","C":[[0.93969262078590843,0.34202014332566871,-1.3314279105423781E-17],[-3.3454023514835692E-17,5.2985826363477517E-17,-1],[-0.34202014332566871,0.93969262078590843,6.123233995736766E-17]],"Cinv":[[0.93969262078590832,-3.3454023514835686E-17,-0.34202014332566866],[0.34202014332566866,5.2985826363477517E-17,0.93969262078590843],[-1.3314279105423781E-17,-1,6.123233995736766E-17]],"channels":["Xrotation"],"bodymass":[],"confmass":[],"parent":5,"order":"x","rotInd":[13,0,0],"posInd":[0,0,0],"children":[],"limits":[-90,20]},{"name":"rhipjoint","id":6,"offset":[-0.085913709693898485,-0.10164069977392148,0.042216161644050426],"orientation":[],"axis":[0,0,0],"axisOrder":"zyx","C":[[1,0,0],[0,1,0],[0,0,1]],"Cinv":[[1,0,0],[0,1,0],[0,0,1]],"channels":[],"bodymass":[],"confmass":[],"parent":1,"order":[],"rotInd":[0,0,0],"posInd":[0,0,0],"children":8,"limits":[]},{"name":"rfemur","id":7,"offset":[-0.14021514875937349,-0.38523827198158578,0],"orientation":[],"axis":[0,0,-20],"axisOrder":"zyx","C":[[0.93969262078590843,-0.34202014332566871,0],[0.34202014332566871,0.93969262078590843,0],[0,0,1]],"Cinv":[[0.93969262078590832,0.34202014332566866,-0],[-0.34202014332566866,0.93969262078590843,-0],[0,0,1]],"channels":["Xrotation","Yrotation","Zrotation"],"bodymass":[],"confmass":[],"parent":7,"order":"zyx","rotInd":[14,15,16],"posInd":[0,0,0],"children":9,"limits":[[-160,20],[-70,70],[-70,60]]},{"name":"rtibia","id":8,"offset":[-0.15131881462065491,-0.41574536830397957,0],"orientation":[],"axis":[0,0,-20],"axisOrder":"zyx","C":[[0.93969262078590843,-0.34202014332566871,0],[0.34202014332566871,0.93969262078590843,0],[0,0,1]],"Cinv":[[0.93969262078590832,0.34202014332566866,-0],[-0.34202014332566866,0.93969262078590843,-0],[0,0,1]],"channels":["Xrotation"],"bodymass":[],"confmass":[],"parent":8,"order":"x","rotInd":[17,0,0],"posInd":[0,0,0],"children":10,"limits":[-10,170]},{"name":"rfoot","id":9,"offset":[-0.014837235607185889,-0.040765216174360269,0.12766950629718213],"orientation":[],"axis":[-90,-7.62852E-16,-20],"axisOrder":"zyx","C":[[0.93969262078590843,-0.34202014332566871,1.3314279105423781E-17],[3.3454023514835692E-17,5.2985826363477517E-17,-1],[0.34202014332566871,0.93969262078590843,6.123233995736766E-17]],"Cinv":[[0.93969262078590832,3.3454023514835686E-17,0.34202014332566866],[-0.34202014332566866,5.2985826363477517E-17,0.93969262078590843],[1.3314279105423781E-17,-1,6.123233995736766E-17]],"channels":["Xrotation","Zrotation"],"bodymass":[],"confmass":[],"parent":9,"order":"zx","rotInd":[18,0,19],"posInd":[0,0,0],"children":11,"limits":[[-45,90],[-20,70]]},{"name":"rtoes","id":10,"offset":[-1.0285185385674981E-12,-2.8268629288064885E-12,0.067011886565124357],"orientation":[],"axis":[-90,-7.62852E-16,-20],"axisOrder":"zyx","C":[[0.93969262078590843,-0.34202014332566871,1.3314279105423781E-17],[3.3454023514835692E-17,5.2985826363477517E-17,-1],[0.34202014332566871,0.93969262078590843,6.123233995736766E-17]],"Cinv":[[0.93969262078590832,3.3454023514835686E-17,0.34202014332566866],[-0.34202014332566866,5.2985826363477517E-17,0.93969262078590843],[1.3314279105423781E-17,-1,6.123233995736766E-17]],"channels":["Xrotation"],"bodymass":[],"confmass":[],"parent":10,"order":"x","rotInd":[20,0,0],"posInd":[0,0,0],"children":[],"limits":[-90,20]},{"name":"lowerback","id":11,"offset":[-1.9817110552896116E-5,0.12222410292664855,-0.014645133487313207],"orientation":[],"axis":[0,0,0],"axisOrder":"zyx","C":[[1,0,0],[0,1,0],[0,0,1]],"Cinv":[[1,0,0],[0,1,0],[0,0,1]],"channels":["Xrotation","Yrotation","Zrotation"],"bodymass":[],"confmass":[],"parent":1,"order":"zyx","rotInd":[21,22,23],"posInd":[0,0,0],"children":13,"limits":[[-20,45],[-30,30],[-30,30]]},{"name":"upperback","id":12,"offset":[0.0032191547574817025,0.12336382391051809,-0.0019091932209534428],"orientation":[],"axis":[0,0,0],"axisOrder":"zyx","C":[[1,0,0],[0,1,0],[0,0,1]],"Cinv":[[1,0,0],[0,1,0],[0,0,1]],"channels":["Xrotation","Yrotation","Zrotation"],"bodymass":[],"confmass":[],"parent":12,"order":"zyx","rotInd":[24,25,26],"posInd":[0,0,0],"children":14,"limits":[[-20,45],[-30,30],[-30,30]]},{"name":"thorax","id":13,"offset":[0.0032518952011940517,0.12500896938553116,0.0049803347131291706],"orientation":[],"axis":[0,0,0],"axisOrder":"zyx","C":[[1,0,0],[0,1,0],[0,0,1]],"Cinv":[[1,0,0],[0,1,0],[0,0,1]],"channels":["Xrotation","Yrotation","Zrotation"],"bodymass":[],"confmass":[],"parent":13,"order":"zyx","rotInd":[27,28,29],"posInd":[0,0,0],"children":[15,18,25],"limits":[[-20,45],[-30,30],[-30,30]]},{"name":"lowerneck","id":14,"offset":[-0.0056592521757269513,0.093639607113956372,0.013931896779298314],"orientation":[],"axis":[0,0,0],"axisOrder":"zyx","C":[[1,0,0],[0,1,0],[0,0,1]],"Cinv":[[1,0,0],[0,1,0],[0,0,1]],"channels":["Xrotation","Yrotation","Zrotation"],"bodymass":[],"confmass":[],"parent":14,"order":"zyx","rotInd":[30,31,32],"posInd":[0,0,0],"children":16,"limits":[[-20,45],[-30,30],[-30,30]]},{"name":"upperneck","id":15,"offset":[0.006243029414202737,0.095547491029149972,-0.013032756823104173],"orientation":[],"axis":[0,0,0],"axisOrder":"zyx","C":[[1,0,0],[0,1,0],[0,0,1]],"Cinv":[[1,0,0],[0,1,0],[0,0,1]],"channels":["Xrotation","Yrotation","Zrotation"],"bodymass":[],"confmass":[],"parent":15,"order":"zyx","rotInd":[33,34,35],"posInd":[0,0,0],"children":17,"limits":[[-20,45],[-30,30],[-30,30]]},{"name":"head","id":16,"offset":[0.0025234222020752038,0.096828704834972759,-0.0060660581729720013],"orientation":[],"axis":[0,0,0],"axisOrder":"zyx","C":[[1,0,0],[0,1,0],[0,0,1]],"Cinv":[[1,0,0],[0,1,0],[0,0,1]],"channels":["Xrotation","Yrotation","Zrotation"],"bodymass":[],"confmass":[],"parent":16,"order":"zyx","rotInd":[36,37,38],"posInd":[0,0,0],"children":[],"limits":[[-20,45],[-30,30],[-30,30]]},{"name":"lclavicle","id":17,"offset":[0.18938407429934004,0.045689118080310738,-0.039233217694689716],"orientation":[],"axis":[0,0,0],"axisOrder":"zyx","C":[[1,0,0],[0,1,0],[0,0,1]],"Cinv":[[1,0,0],[0,1,0],[0,0,1]],"channels":["Yrotation","Zrotation"],"bodymass":[],"confmass":[],"parent":14,"order":"zy","rotInd":[0,39,40],"posInd":[0,0,0],"children":19,"limits":[[-20,10],[0,20]]},{"name":"lhumerus","id":18,"offset":[0.29653329497023867,-1.3313218117642829E-11,-3.0915968267007141E-28],"orientation":[],"axis":[180,-30,-90],"axisOrder":"zyx","C":[[5.3028761936245346E-17,-0.86602540378443871,0.49999999999999994],[-1,-1.2325951644078309E-32,1.0605752387249069E-16],[-9.18485099360515E-17,-0.49999999999999994,-0.86602540378443871]],"Cinv":[[5.302876193624534E-17,-1,-9.1848509936051484E-17],[-0.86602540378443871,-1.2325951644078309E-32,-0.49999999999999989],[0.49999999999999989,1.0605752387249069E-16,-0.86602540378443871]],"channels":["Xrotation","Yrotation","Zrotation"],"bodymass":[],"confmass":[],"parent":18,"order":"zyx","rotInd":[41,42,43],"posInd":[0,0,0],"children":20,"limits":[[-60,90],[-90,90],[-90,90]]},{"name":"lradius","id":19,"offset":[0.21587181930982396,-9.6919754843712373E-12,-4.7939086657771229E-28],"orientation":[],"axis":[180,-30,-90],"axisOrder":"zyx","C":[[5.3028761936245346E-17,-0.86602540378443871,0.49999999999999994],[-1,-1.2325951644078309E-32,1.0605752387249069E-16],[-9.18485099360515E-17,-0.49999999999999994,-0.86602540378443871]],"Cinv":[[5.302876193624534E-17,-1,-9.1848509936051484E-17],[-0.86602540378443871,-1.2325951644078309E-32,-0.49999999999999989],[0.49999999999999989,1.0605752387249069E-16,-0.86602540378443871]],"channels":["Xrotation"],"bodymass":[],"confmass":[],"parent":19,"order":"x","rotInd":[44,0,0],"posInd":[0,0,0],"children":21,"limits":[-10,170]},{"name":"lwrist","id":20,"offset":[0.10793590965491198,-4.84526457159093E-12,2.7717186048013812E-28],"orientation":[],"axis":[-1.61769E-15,90,90],"axisOrder":"zyx","C":[[3.749399456654644E-33,6.123233995736766E-17,-1],[-1,3.2998323180780589E-17,-1.7288349136260013E-33],[3.2998323180780589E-17,1,6.123233995736766E-17]],"Cinv":[[3.749399456654644E-33,-1,3.2998323180780589E-17],[6.123233995736766E-17,3.2998323180780589E-17,1],[-1,-1.7288349136260013E-33,6.123233995736766E-17]],"channels":["Yrotation"],"bodymass":[],"confmass":[],"parent":20,"order":"y","rotInd":[0,45,0],"posInd":[0,0,0],"children":[22,24],"limits":[-180,0]},{"name":"lhand","id":21,"offset":[0.030451013325181176,-1.3674788809005737E-12,1.5674354599003758E-28],"orientation":[],"axis":[-3.27988E-15,90,90],"axisOrder":"zyx","C":[[3.749399456654644E-33,6.123233995736766E-17,-1],[-1,3.9876348870560464E-18,-3.505227241624569E-33],[3.9876348870560464E-18,1,6.123233995736766E-17]],"Cinv":[[3.749399456654644E-33,-1,3.9876348870560464E-18],[6.123233995736766E-17,3.9876348870560464E-18,1],[-1,-3.505227241624569E-33,6.123233995736766E-17]],"channels":["Xrotation","Zrotation"],"bodymass":[],"confmass":[],"parent":21,"order":"zx","rotInd":[46,0,47],"posInd":[0,0,0],"children":23,"limits":[[-90,90],[-45,45]]},{"name":"lfingers","id":22,"offset":[0.024550385728928772,-1.1024669866589941E-12,2.5270203038500967E-28],"orientation":[],"axis":[-6.5598E-15,90,90],"axisOrder":"zyx","C":[[3.749399456654644E-33,6.123233995736766E-17,-1],[-1,-5.3257768314956371E-17,-7.0104972314867766E-33],[-5.3257768314956371E-17,1,6.123233995736766E-17]],"Cinv":[[3.749399456654644E-33,-1,-5.3257768314956371E-17],[6.123233995736766E-17,-5.3257768314956371E-17,1],[-1,-7.0104972314867766E-33,6.123233995736766E-17]],"channels":["Xrotation"],"bodymass":[],"confmass":[],"parent":22,"order":"x","rotInd":[48,0,0],"posInd":[0,0,0],"children":[],"limits":[0,90]},{"name":"lthumb","id":23,"offset":[0.024925241368958264,-2.2385049193274472E-12,0.024925241368958264],"orientation":[],"axis":[-90,45,2.19363E-14],"axisOrder":"zyx","C":[[0.70710678118654757,2.707233694342316E-16,-0.70710678118654746],[-0.70710678118654746,-2.0949102947686387E-16,-0.70710678118654757],[-3.3956285789345741E-16,1,4.329780281177467E-17]],"Cinv":[[0.70710678118654757,-0.70710678118654746,-3.3956285789345741E-16],[2.707233694342316E-16,-2.0949102947686387E-16,1],[-0.70710678118654746,-0.70710678118654757,4.3297802811774677E-17]],"channels":["Xrotation","Zrotation"],"bodymass":[],"confmass":[],"parent":21,"order":"zx","rotInd":[49,0,50],"posInd":[0,0,0],"children":[],"limits":[[-45,45],[-45,45]]},{"name":"rclavicle","id":24,"offset":[-0.17690048163196606,0.061161094300562872,-0.025514187387509216],"orientation":[],"axis":[0,0,0],"axisOrder":"zyx","C":[[1,0,0],[0,1,0],[0,0,1]],"Cinv":[[1,0,0],[0,1,0],[0,0,1]],"channels":["Yrotation","Zrotation"],"bodymass":[],"confmass":[],"parent":14,"order":"zy","rotInd":[0,51,52],"posInd":[0,0,0],"children":26,"limits":[[-10,20],[-20,0]]},{"name":"rhumerus","id":25,"offset":[-0.30476390512327139,-1.368289361914798E-11,7.57566877160172E-28],"orientation":[],"axis":[180,30,90],"axisOrder":"zyx","C":[[5.3028761936245346E-17,0.86602540378443871,-0.49999999999999994],[1,-1.2325951644078309E-32,1.0605752387249069E-16],[9.18485099360515E-17,-0.49999999999999994,-0.86602540378443871]],"Cinv":[[5.302876193624534E-17,1,9.1848509936051484E-17],[0.86602540378443871,-1.2325951644078309E-32,-0.49999999999999989],[-0.49999999999999989,1.0605752387249069E-16,-0.86602540378443871]],"channels":["Xrotation","Yrotation","Zrotation"],"bodymass":[],"confmass":[],"parent":25,"order":"zyx","rotInd":[53,54,55],"posInd":[0,0,0],"children":27,"limits":[[-90,60],[-90,90],[-90,90]]},{"name":"rradius","id":26,"offset":[-0.21645071840889066,-9.7178580339729177E-12,-1.4056158137970471E-29],"orientation":[],"axis":[180,30,90],"axisOrder":"zyx","C":[[5.3028761936245346E-17,0.86602540378443871,-0.49999999999999994],[1,-1.2325951644078309E-32,1.0605752387249069E-16],[9.18485099360515E-17,-0.49999999999999994,-0.86602540378443871]],"Cinv":[[5.302876193624534E-17,1,9.1848509936051484E-17],[0.86602540378443871,-1.2325951644078309E-32,-0.49999999999999989],[-0.49999999999999989,1.0605752387249069E-16,-0.86602540378443871]],"channels":["Xrotation"],"bodymass":[],"confmass":[],"parent":26,"order":"x","rotInd":[56,0,0],"posInd":[0,0,0],"children":28,"limits":[-10,170]},{"name":"rwrist","id":27,"offset":[-0.10822535920444533,-4.8593943860310376E-12,2.782950176726789E-28],"orientation":[],"axis":[-1.61769E-15,-90,-90],"axisOrder":"zyx","C":[[3.749399456654644E-33,-6.123233995736766E-17,1],[1,3.2998323180780589E-17,-1.7288349136260013E-33],[-3.2998323180780589E-17,1,6.123233995736766E-17]],"Cinv":[[3.749399456654644E-33,1,-3.2998323180780589E-17],[-6.123233995736766E-17,3.2998323180780589E-17,1],[1,-1.7288349136260013E-33,6.123233995736766E-17]],"channels":["Yrotation"],"bodymass":[],"confmass":[],"parent":27,"order":"y","rotInd":[0,57,0],"posInd":[0,0,0],"children":[29,31],"limits":[-180,0]},{"name":"rhand","id":28,"offset":[-0.043004146810768043,-1.9305937636051722E-12,2.2094971577464081E-28],"orientation":[],"axis":[-3.27988E-15,-90,-90],"axisOrder":"zyx","C":[[3.749399456654644E-33,-6.123233995736766E-17,1],[1,3.9876348870560464E-18,-3.505227241624569E-33],[-3.9876348870560464E-18,1,6.123233995736766E-17]],"Cinv":[[3.749399456654644E-33,1,-3.9876348870560464E-18],[-6.123233995736766E-17,3.9876348870560464E-18,1],[1,-3.505227241624569E-33,6.123233995736766E-17]],"channels":["Xrotation","Zrotation"],"bodymass":[],"confmass":[],"parent":28,"order":"zx","rotInd":[58,0,59],"posInd":[0,0,0],"children":30,"limits":[[-90,90],[-45,45]]},{"name":"rfingers","id":29,"offset":[-0.034671049650236478,-1.5565741095721919E-12,3.5637678514485067E-28],"orientation":[],"axis":[-6.5598E-15,-90,-90],"axisOrder":"zyx","C":[[3.749399456654644E-33,-6.123233995736766E-17,1],[1,-5.3257768314956371E-17,-7.0104972314867766E-33],[5.3257768314956371E-17,1,6.123233995736766E-17]],"Cinv":[[3.749399456654644E-33,1,5.3257768314956371E-17],[-6.123233995736766E-17,-5.3257768314956371E-17,1],[1,-7.0104972314867766E-33,6.123233995736766E-17]],"channels":["Xrotation"],"bodymass":[],"confmass":[],"parent":29,"order":"x","rotInd":[60,0,0],"posInd":[0,0,0],"children":[],"limits":[0,90]},{"name":"rthumb","id":30,"offset":[-0.035200416904083882,-3.1604593762419758E-12,0.035200416904083882],"orientation":[],"axis":[-90,-45,-2.19363E-14],"axisOrder":"zyx","C":[[0.70710678118654757,-2.707233694342316E-16,0.70710678118654746],[0.70710678118654746,-2.0949102947686387E-16,-0.70710678118654757],[3.3956285789345741E-16,1,4.329780281177467E-17]],"Cinv":[[0.70710678118654757,0.70710678118654746,3.3956285789345741E-16],[-2.707233694342316E-16,-2.0949102947686387E-16,1],[0.70710678118654746,-0.70710678118654757,4.3297802811774677E-17]],"channels":["Xrotation","Zrotation"],"bodymass":[],"confmass":[],"parent":28,"order":"zx","rotInd":[61,0,62],"posInd":[0,0,0],"children":[],"limits":[[-45,45],[-45,45]]}],"model_height":1.75,"head_index":17,"left_foot_index":5,"right_foot_index":10},"channels":[[0,0,0,0,0,0,-9.45701,-2.94439,-19.9906,20.1062,-11.843,5.5577,0.745975,-9.39508,6.18613,21.1159,20.1098,-10.028,-10.1963,3.96686,5.49,-0.654811,-1.12866,0.356861,-0.878607,2.26915,-2.65828,-0.412912,3.04214,-18.7454,-3.74492,-8.42201,14.716,-3.81876,5.31394,7.89313,-1.77323,2.67472,-8.15017E-15,-4.37326E-15,-28.7586,6.85747,85.9404,27.3366,-7.7427,-17.6612,25.713,7.12502,8.59732,55.5179,-8.15017E-15,-4.37326E-15,-31.9039,-9.31354,-79.3528,32.3796,5.69445,-11.1654,14.3686,7.12502,14.8611,-15.0784],[6.0997320577599323E-5,-0.0003452678523259145,-2.8772321027270564E-5,-0.034769999999999968,0.013230000000000075,0.004180000000000017,-9.59063,-2.91903,-20.0132,20.3767,-11.9163,5.58872,0.413934,-9.25481,6.05926,21.1386,19.9175,-9.76249,-10.2,1.82835,5.50271,-0.637168,-1.11876,0.371533,-0.855218,2.24863,-2.65214,-0.401675,3.01355,-18.7364,-3.79875,-8.45343,14.702,-3.89586,5.37534,7.89455,-1.80556,2.6907,1.88845E-15,-3.02153E-14,-28.7382,6.71745,86.0416,27.2834,-7.11462,-18.066,26.0507,7.12502,8.20665,55.8713,1.88845E-15,-3.02153E-14,-31.8619,-9.35075,-79.3836,32.5458,5.57614,-10.9228,13.9218,7.12502,15.0949,-15.5078],[2.93477674477155E-5,-0.00042007588699677356,8.0562498876113331E-5,-0.014019999999999477,0.13079000000000018,-0.00093599999999999239,-9.64325,-2.9434,-20.0025,20.3895,-11.9134,5.51637,-0.0798563,-9.25154,5.92428,21.1707,19.9152,-9.69422,-10.2534,1.01256,5.51288,-0.665175,-1.12125,0.32978,-0.891856,2.25945,-2.6985,-0.418893,3.02968,-18.7641,-3.84236,-8.47891,14.8062,-3.94815,5.36886,7.93835,-1.83284,2.68634,-3.47873E-15,-9.93923E-15,-28.7652,6.90718,86.0142,27.2638,-7.35875,-17.8861,26.1302,7.12502,8.3803,55.944,-3.47873E-15,-9.93923E-15,-31.8384,-9.22149,-79.4234,32.7106,5.44328,-10.6409,13.4164,7.12502,15.3664,-15.9926],[9.2071427286941065E-5,-0.00039705803017509034,0.00032224999550423128,-0.018019999999999925,0.24120000000000008,0.083570000000000033,-9.61715,-3.10241,-20.0903,20.4644,-12.0269,5.50617,0.021475,-9.21112,5.7369,21.0864,19.893,-9.66869,-10.1729,0.792344,5.48585,-0.689433,-1.18861,0.3322,-0.928847,2.2427,-2.67782,-0.436891,3.05259,-18.8405,-3.87905,-8.44921,14.8502,-3.98854,5.30409,7.96712,-1.85591,2.65404,-7.45443E-15,8.34896E-15,-28.7351,7.15624,85.9715,27.2691,-7.61788,-18.0301,25.0739,7.12502,8.2413,54.8931,-7.45443E-15,8.34896E-15,-31.7785,-9.09681,-79.476,32.8186,5.38086,-10.525,13.2455,7.12502,15.478,-16.1548],[0.00022097142548867243,-0.00043733927961286945,0.00022442410401191104,-0.0413199999999998,0.32986000000000004,0.06186400000000003,-9.61752,-3.21811,-20.0733,20.5256,-12.0361,5.48355,0.73995,-9.19814,5.61257,21.108,19.9131,-9.62912,-10.1235,0.621209,5.56998,-0.708941,-1.14355,0.299346,-0.951598,2.24446,-2.75817,-0.447441,3.03279,-18.7334,-3.87081,-8.459,14.6606,-3.98806,5.35625,7.88675,-1.85125,2.67313,2.14687E-14,-1.43125E-14,-28.7322,7.27589,85.9467,27.3108,-7.58142,-18.0245,24.5548,7.12502,8.24669,54.3739,2.14687E-14,-1.43125E-14,-31.7977,-9.04011,-79.5094,32.9154,5.28901,-10.6355,12.7982,7.12502,15.3716,-16.6104],[0.00015421964070563843,-0.0005236562426944591,-5.1790177848953789E-5,-0.031579999999999941,0.3649,0.060018999999999989,-9.69874,-3.2118,-20.0672,20.5744,-12.0118,5.41939,1.11958,-9.25473,5.60531,21.1033,19.9706,-9.66612,-10.1625,0.83563,5.63516,-0.685716,-1.16382,0.274336,-0.92156,2.24683,-2.822,-0.431158,3.04598,-18.6608,-3.8768,-8.58285,14.5447,-3.99333,5.50352,7.84196,-1.84653,2.74217,-2.88238E-15,-2.66371E-14,-28.7389,7.10512,86.039,27.4288,-7.32214,-17.3977,25.5137,7.12502,8.85155,55.3081,-2.88238E-15,-2.66371E-14,-31.7174,-9.08102,-79.496,32.8694,5.26092,-10.7617,12.6151,7.12502,15.25,-16.8028],[3.2800445970981862E-5,-0.000690535704652051,-0.00011508928410874919,-0.028739999999999988,0.47928000000000015,0.035368999999999984,-9.75536,-3.19618,-20.0191,20.6486,-12.0015,5.27221,1.30322,-9.22554,5.60469,21.1397,19.9803,-9.68764,-10.2185,1.26163,5.61435,-0.690554,-1.11425,0.329848,-0.926333,2.21744,-2.75399,-0.435665,2.98673,-18.8605,-3.92494,-8.55229,14.6466,-4.05815,5.53047,7.91482,-1.87055,2.73698,-6.95746E-15,-3.57812E-15,-28.6248,7.2644,85.9011,27.6176,-8.52924,-15.2912,26.7614,7.12502,10.8839,56.4593,-6.95746E-15,-3.57812E-15,-31.438,-9.32785,-79.5192,32.6968,5.4193,-10.8109,12.8336,7.12502,15.2026,-16.5879],[-8.28642845582539E-5,-0.00076534373932268807,5.1790177848842767E-5,-0.01747999999999994,0.69571,0.006850999999999996,-9.81469,-3.23025,-19.9583,20.6924,-11.9901,5.08056,1.37001,-9.18645,5.53402,21.2055,19.9839,-9.68476,-10.3344,0.949728,5.62393,-0.735687,-1.03884,0.348577,-0.982449,2.1971,-2.73828,-0.464997,2.92734,-19.0855,-3.97448,-8.48764,14.7434,-4.12088,5.49901,7.98818,-1.89689,2.70642,2.16675E-14,-2.42517E-14,-28.4962,6.73314,86.1762,27.2512,-6.69325,-18.6286,23.8942,7.12502,7.66364,53.7354,2.16675E-14,-2.42517E-14,-31.3238,-9.45256,-79.5444,32.6455,5.49506,-10.9479,13.2527,7.12502,15.0706,-16.1788],[-0.00027333704975812667,-0.00074808034670659218,0.00034526785232613655,-0.028579999999999828,0.86271500000000012,-0.019612000000000018,-9.8608,-3.20238,-19.9146,20.7243,-12.0212,4.97427,0.925394,-9.15502,5.54182,21.2711,19.9659,-9.61089,-10.5605,0.603241,5.68628,-0.774785,-1.07849,0.328946,-1.03529,2.2491,-2.78879,-0.489786,3.00927,-19.1719,-3.97356,-8.59044,14.7734,-4.09383,5.5482,8.0144,-1.88397,2.74272,1.98785E-16,-2.78299E-15,-28.4591,6.59207,86.3365,27.1079,-6.08346,-19.8075,22.6346,7.12502,6.52565,52.5141,1.98785E-16,-2.78299E-15,-31.4361,-9.2788,-79.5311,32.8879,5.29532,-10.8666,13.5147,7.12502,15.149,-15.9108],[-0.00033490981675628195,-0.00071930802567932162,0.00056969195633793657,-0.033889999999999532,1.019199,0.026229000000000002,-9.89805,-3.19787,-19.9571,20.7436,-12.0662,4.91312,0.205611,-9.12312,5.50375,21.2409,19.93,-9.56973,-10.6771,0.72306,5.68514,-0.821867,-1.17784,0.321493,-1.10297,2.29666,-2.78903,-0.52196,3.12005,-19.1638,-3.97927,-8.70796,14.7471,-4.07208,5.56585,8.00564,-1.87862,2.77047,6.65929E-15,1.94809E-14,-28.4334,6.81938,86.3495,27.2146,-6.50622,-18.7887,23.443,7.12502,7.50914,53.2897,6.65929E-15,1.94809E-14,-31.4948,-9.07991,-79.497,33.1364,4.99878,-10.5764,13.3933,7.12502,15.4285,-16.0109],[-0.00010358035569781043,-0.00054091963531099907,0.00069629016885763839,-0.012319999999999887,1.1922570000000001,0.058350999999999986,-9.93943,-3.26854,-19.9998,20.7702,-12.1247,4.86272,-0.259415,-9.10141,5.35251,21.1961,19.8985,-9.64705,-10.7016,0.443044,5.60987,-0.869065,-1.12375,0.320278,-1.163,2.27445,-2.74586,-0.553197,3.06945,-19.0468,-4.02382,-8.73519,14.6479,-4.13408,5.57284,7.95795,-1.90993,2.76953,2.5842E-15,-1.55052E-14,-28.4177,7.28428,86.1137,27.7056,-8.83118,-15.12,27.316,7.12502,11.049,57.0052,2.5842E-15,-1.55052E-14,-31.4275,-9.01878,-79.5082,33.1392,4.77788,-10.3267,13.3787,7.12502,15.669,-16.0069],[4.7186606484561633E-5,-0.0005179017784890938,0.000799870524555435,0.015350000000000641,1.207576,0.088909000000000016,-9.98318,-3.28239,-20.0502,20.7998,-12.1358,4.88561,-0.482451,-9.13286,5.28862,21.1405,19.901,-9.72145,-10.6818,0.239967,5.62151,-0.870145,-1.09093,0.24771,-1.16259,2.23466,-2.82876,-0.551897,3.01106,-18.8599,-4.04944,-8.83519,14.6341,-4.18491,5.71113,7.93068,-1.92888,2.8275,5.96354E-15,-5.96354E-15,-28.5846,6.90045,86.3126,27.6633,-7.11891,-17.2082,25.9522,7.12502,9.03442,55.7388,5.96354E-15,-5.96354E-15,-31.4501,-8.88691,-79.5631,33.077,4.66344,-10.3019,13.515,7.12502,15.6929,-15.8687],[5.4667409951622559E-5,-0.00073657141829563955,0.0010358035569780766,0.056770000000000209,1.264373,0.083492000000000011,-10.0192,-3.32547,-20.0372,20.8161,-12.1532,4.8508,-0.304958,-9.18807,5.25121,21.145,19.9469,-9.74333,-10.7127,0.21687,5.615,-0.901866,-1.10336,0.145625,-1.20411,2.24597,-2.92753,-0.57019,3.03455,-18.6472,-4.014,-8.8829,14.6408,-4.15474,5.77032,7.8966,-1.91492,2.86102,-2.78299E-15,-3.37934E-14,-28.8066,7.12722,86.2177,27.9458,-8.08946,-15.8198,27.946,7.12502,10.3739,57.6701,-2.78299E-15,-3.37934E-14,-31.5462,-8.62398,-79.6412,33.1059,4.60778,-10.3991,13.2599,7.12502,15.5992,-16.1311],[-4.3158481540753191E-5,-0.0008171339171718639,0.0011911740905248269,0.038280000000000314,1.414746,0.096173000000000008,-9.97634,-3.43526,-20.0282,20.789,-12.1181,4.75784,0.0346231,-9.16042,5.20635,21.1589,20.0291,-9.8834,-10.7791,0.553139,5.59702,-0.92923,-1.15101,0.158829,-1.24309,2.26998,-2.89994,-0.589296,3.08874,-18.5982,-4.04211,-8.86448,14.5716,-4.1901,5.71724,7.86628,-1.93613,2.83551,1.98785E-16,-1.59028E-15,-28.7957,6.91952,86.3799,27.5245,-6.37484,-18.2766,24.4998,7.12502,8.00339,54.3282,1.98785E-16,-1.59028E-15,-31.5037,-8.4597,-79.7033,33.2268,4.57439,-10.4672,12.8626,7.12502,15.5337,-16.5335],[-6.042187415707112E-5,-0.000782607131939006,0.0013868258735095784,0.0084800000000004871,1.5744660000000001,0.16953500000000002,-9.91417,-3.54796,-20.1003,20.7464,-12.0788,4.68421,0.575801,-9.11156,5.08651,21.0969,20.0908,-9.91009,-10.7791,1.14104,5.57027,-0.906131,-1.21082,0.223372,-1.21789,2.23372,-2.81939,-0.577798,3.08122,-18.6176,-4.14543,-8.84078,14.4639,-4.33798,5.74817,7.84538,-2.00083,2.82234,-1.20265E-14,2.78299E-14,-28.5955,6.6107,86.5164,27.3972,-5.74125,-18.8871,23.7327,7.12502,7.41418,53.5828,-1.20265E-14,2.78299E-14,-31.4156,-8.51444,-79.7341,33.2726,4.66105,-10.6583,12.7799,7.12502,15.3497,-16.6304],[-0.00010358035569781043,-0.00066751784783036783,0.001640022298548649,-0.04361999999999977,1.693586,0.23607,-9.82464,-3.55068,-20.1653,20.7092,-12.119,4.5826,0.775927,-9.01801,4.9683,21.0357,20.1333,-9.87062,-10.7504,1.6406,5.52269,-0.889667,-1.29419,0.320022,-1.20248,2.22374,-2.69243,-0.57174,3.11408,-18.699,-4.19232,-8.88208,14.3899,-4.39007,5.79783,7.84086,-2.02117,2.83791,-2.64384E-14,1.35174E-14,-28.424,6.4899,86.6151,27.4623,-5.67575,-18.8715,24.2589,7.12502,7.42923,54.1085,-2.64384E-14,1.35174E-14,-31.2735,-8.62568,-79.696,33.2046,4.77396,-10.7903,13.3321,7.12502,15.2224,-16.0878],[-0.00016975669406031624,-0.00050639285007814117,0.0018241651531225589,-0.030789999999999651,1.7206986000000002,0.164436,-9.81648,-3.54022,-20.0773,20.7129,-12.1746,4.57062,0.604755,-9.00293,4.98579,21.1129,20.1442,-9.92076,-10.7771,1.64307,5.44164,-0.882538,-1.27556,0.367036,-1.1907,2.27841,-2.5985,-0.567548,3.15674,-18.7701,-4.17968,-8.91851,14.3431,-4.35279,5.7884,7.83513,-2.00496,2.84448,-2.8128E-14,2.50469E-14,-28.3313,6.84676,86.5604,27.6358,-6.67272,-17.6975,26.2668,7.12502,8.56229,56.0732,-2.8128E-14,2.50469E-14,-31.1971,-8.58537,-79.6572,33.1527,4.78742,-10.7998,13.8698,7.12502,15.2133,-15.5508],[-0.00018299196173281185,-0.00054091963531099907,0.0019047276519986722,0.020579999999999821,1.790083,0.133863,-9.91285,-3.58161,-20.0281,20.7817,-12.151,4.49292,0.6908,-9.0491,4.94024,21.1528,20.1117,-9.92414,-10.825,0.837935,5.36661,-0.904814,-1.28738,0.370274,-1.21963,2.33125,-2.5499,-0.582297,3.21853,-18.9026,-4.16429,-9.02699,14.4706,-4.30441,5.842,7.90027,-1.98161,2.88598,3.97569E-15,2.38542E-14,-28.3364,7.46291,86.3777,27.9704,-8.44576,-15.7055,29.3077,7.12502,10.4843,59.0262,3.97569E-15,2.38542E-14,-31.1171,-8.45926,-79.62,33.0487,4.74105,-10.8446,13.8956,7.12502,15.1702,-15.5283],[-0.00035102231653150184,-0.0007768526677336407,0.0018529374741499405,0.028340000000000032,1.8878852000000002,0.080099000000000031,-10.0278,-3.5974,-19.9475,20.8934,-12.0793,4.38308,0.767713,-9.03971,4.93752,21.2372,20.044,-9.87506,-10.9649,0.372526,5.3345,-0.90001,-1.25848,0.395395,-1.21119,2.35205,-2.50671,-0.579133,3.22201,-18.9695,-4.18496,-9.09131,14.5659,-4.32703,5.92011,7.94865,-1.98788,2.91995,5.96354E-16,1.98785E-15,-28.3495,7.29263,86.4846,28.1444,-7.93631,-13.569,34.52,7.12502,12.5447,64.1234,5.96354E-16,1.98785E-15,-31.0449,-8.50531,-79.6092,32.9676,4.77743,-10.9734,13.7693,7.12502,15.0461,-15.664],[-0.000502940171554972,-0.00098976784333482115,0.0017666205110683508,-0.015519999999999534,2.010951,0.033446000000000031,-10.0649,-3.55671,-19.8824,20.9675,-12.091,4.24177,0.766136,-8.98482,4.91405,21.3098,20.0165,-9.80267,-11.0736,0.441347,5.40513,-0.853894,-1.17617,0.445048,-1.1464,2.3116,-2.50169,-0.548384,3.12976,-19.1143,-4.22973,-9.07328,14.6772,-4.39745,5.99175,8.01752,-2.01147,2.9316,9.93923E-15,-1.27222E-14,-28.1815,6.60832,86.7652,27.9338,-5.98283,-17.7646,27.6655,7.12502,8.49748,57.4746,9.93923E-15,-1.27222E-14,-31.0267,-8.64692,-79.6777,33.097,4.77414,-11.1123,13.3407,7.12502,14.9123,-16.1025],[-0.00053574061752593993,-0.0010645758780054582,0.001881709795176989,-0.0043600000000001415,2.153247,0.036231000000000013,-10.1006,-3.583,-19.8804,21.0052,-12.1545,4.16642,0.778115,-8.97517,4.90399,21.3165,20.0071,-9.73765,-11.1804,0.668118,5.44259,-0.799088,-1.10372,0.453223,-1.07113,2.23068,-2.52179,-0.511743,3.00022,-19.317,-4.26632,-8.95888,14.8233,-4.47196,6.02202,8.1051,-2.03464,2.91271,-1.19271E-15,1.47101E-14,-28.0448,6.1491,86.8632,27.7862,-5.21892,-19.1491,24.9616,7.12502,7.16125,54.8205,-1.19271E-15,1.47101E-14,-31.0494,-9.06206,-79.6305,32.9769,4.98618,-11.0761,13.8044,7.12502,14.9472,-15.6363],[-0.00055990936718876283,-0.00088043302343132623,0.0020255714003128977,0.095320000000000071,2.294865,0.071772,-10.2195,-3.6103,-19.8927,21.0159,-12.1858,4.03539,0.939346,-9.04019,4.86394,21.2917,19.9966,-9.82675,-11.3028,0.78007,5.43834,-0.790383,-1.11897,0.367291,-1.06008,2.20523,-2.60887,-0.504313,2.9828,-19.368,-4.29706,-8.85248,14.8965,-4.52479,5.93406,8.13784,-2.06189,2.8585,-5.86415E-15,1.59028E-15,-28.1422,6.0681,86.8797,27.8938,-5.18018,-19.3067,24.7873,7.12502,7.00913,54.6512,-5.86415E-15,1.59028E-15,-31.1811,-9.07696,-79.6297,33.1041,5.16259,-11.1148,13.1589,7.12502,14.9099,-16.2845],[-0.000493733028826257,-0.00075383481091195748,0.0021694330054486954,0.13576999999999995,2.425984,0.110039,-10.2776,-3.68334,-19.9307,20.9864,-12.1889,4.06842,0.102007,-9.06103,4.73229,21.2611,20.0212,-9.90739,-11.3528,0.461881,5.45327,-0.827617,-1.12526,0.336494,-1.1098,2.20164,-2.64598,-0.528304,2.98709,-19.3648,-4.31153,-8.88862,14.88,-4.53819,5.95507,8.13421,-2.06816,2.86965,3.27995E-15,-3.57812E-15,-28.1476,6.29888,86.7959,27.8549,-5.78392,-18.9119,24.5558,7.12502,7.39015,54.4068,3.27995E-15,-3.57812E-15,-31.2626,-8.90323,-79.6719,33.3739,5.36171,-10.899,12.5305,7.12502,15.1178,-16.8974],[-0.00038094553039974555,-0.000707799097268591,0.0021751874696540607,0.1173700000000002,2.567587,0.179898,-10.2562,-3.75436,-20.012,20.9395,-12.1833,4.04434,-0.445346,-9.0541,4.63174,21.1877,20.0911,-9.92363,-11.3854,0.36922,5.53386,-0.86569,-1.14735,0.315077,-1.16223,2.18166,-2.71008,-0.55327,2.98489,-19.2691,-4.29509,-8.95344,14.7938,-4.51898,6.03623,8.09099,-2.05577,2.91066,1.43125E-14,-3.57812E-15,-28.154,6.46371,86.7242,27.795,-6.27543,-18.5815,24.1779,7.12502,7.70911,54.0174,1.43125E-14,-3.57812E-15,-31.3442,-8.81386,-79.7148,33.4565,4.99644,-10.7506,13.0173,7.12502,15.2608,-16.3998],[-0.00046208347569638708,-0.00073081695409027425,0.0020773615781617405,0.20468000000000064,2.725732,0.27124000000000004,-10.3519,-3.82831,-20.0841,20.8919,-12.0992,3.94686,-0.029287,-9.19027,4.5698,21.1011,20.1689,-9.89906,-11.4679,0.475674,5.61022,-0.884624,-1.27114,0.195185,-1.19387,2.18943,-2.87207,-0.564207,3.06887,-19.1642,-4.24285,-9.00276,14.7731,-4.44549,6.05049,8.06172,-2.02408,2.93404,-7.05686E-15,-3.97569E-15,-28.3018,6.54633,86.7151,27.97,-6.49877,-17.9596,25.0346,7.12502,8.30936,54.8512,-7.05686E-15,-3.97569E-15,-31.4842,-8.86138,-79.6267,33.4246,5.02065,-11.0844,13.7065,7.12502,14.9392,-15.7347],[-0.0006111240986171329,-0.00060997320577604874,0.0022327321117084908,0.31984000000000012,2.738002,0.282786,-10.4688,-3.7356,-20.08,20.8802,-12.0951,3.8557,0.617123,-9.34288,4.62248,21.0817,20.1954,-9.85521,-11.4484,1.3153,5.56682,-0.839456,-1.30724,0.111484,-1.13537,2.17784,-2.93733,-0.532954,3.07303,-19.0661,-4.22591,-8.93614,14.752,-4.43119,5.95806,8.03286,-2.02421,2.89445,8.05078E-15,4.77083E-15,-28.4016,6.6063,86.6558,28.177,-6.98311,-16.9329,26.6511,7.12502,9.30012,56.426,8.05078E-15,4.77083E-15,-31.4826,-9.06234,-79.5505,33.2818,5.73117,-12.0657,14.1394,7.12502,13.9937,-15.3696],[-0.00061802945566365175,-0.00046035713643477472,0.0027103526407594725,0.37358000000000047,2.6583390000000002,0.278076,-10.4778,-3.79216,-20.0728,20.869,-12.1219,3.93345,1.07222,-9.39378,4.7492,21.0634,20.1971,-9.94008,-11.4457,1.84119,5.47768,-0.776013,-1.2958,0.104502,-1.05076,2.14522,-2.9006,-0.491576,3.02439,-18.981,-4.22989,-8.81363,14.6179,-4.45633,5.86993,7.97031,-2.03841,2.84136,-7.45443E-15,-1.59028E-15,-28.404,6.64717,86.5874,27.9687,-6.88889,-17.4272,25.6758,7.12502,8.82311,55.4714,-7.45443E-15,-1.59028E-15,-31.3567,-9.26104,-79.5431,33.0185,6.15311,-12.6679,14.4396,7.12502,13.4133,-15.1086],[-0.00063414195543885776,-0.00060997320577604874,0.0030153392436476079,0.38445000000000018,2.661277,0.206911,-10.481,-3.82049,-19.9895,20.8596,-12.0686,3.89111,1.38735,-9.36828,4.77756,21.1558,20.1613,-9.8865,-11.573,0.653668,5.48057,-0.745558,-1.25432,0.0980828,-1.00639,2.18113,-2.91166,-0.469604,3.03495,-18.9704,-4.25325,-8.78939,14.5266,-4.48391,5.82531,7.93848,-2.05413,2.81828,-3.47873E-15,1.47101E-14,-28.3957,6.75839,86.569,27.562,-6.4153,-18.8543,22.8509,7.12502,7.44575,52.6999,-3.47873E-15,1.47101E-14,-31.3268,-9.1987,-79.5438,32.8684,5.78746,-12.2623,14.2688,7.12502,13.8042,-15.2532],[-0.00056911650991746388,-0.00078836159614437129,0.0032455178118649952,0.40517000000000003,2.725298,0.235318,-10.4645,-3.84224,-20.0186,20.8419,-12.0981,3.79945,1.07099,-9.34553,4.67616,21.1354,20.1346,-9.85691,-11.6153,-0.164251,5.43298,-0.7336,-1.26777,0.127679,-0.991646,2.17629,-2.85516,-0.463115,3.035,-19.0147,-4.30011,-8.75317,14.4989,-4.53842,5.75035,7.93829,-2.08442,2.77933,7.35503E-15,-1.43125E-14,-28.3745,6.75604,86.581,27.5223,-6.16216,-19.4588,21.2373,7.12502,6.86226,51.1061,7.35503E-15,-1.43125E-14,-31.3265,-9.23507,-79.5351,32.8791,5.43184,-11.539,13.8778,7.12502,14.5012,-15.5954],[-0.00047531874336888269,-0.00073657141829563955,0.0035102231653150184,0.40591000000000044,2.794256,0.228697,-10.4516,-3.85356,-20.0094,20.8759,-12.2118,3.75562,0.728826,-9.2757,4.60504,21.1456,20.089,-9.85952,-11.6057,-0.196937,5.38759,-0.747924,-1.22894,0.168938,-1.00889,2.1688,-2.78684,-0.473534,3.00511,-19.0558,-4.2944,-8.71948,14.46,-4.53034,5.72736,7.93029,-2.08004,2.76656,-7.25564E-15,-8.34896E-15,-28.3735,6.79916,86.5681,27.766,-6.27488,-19.2556,21.8666,7.12502,7.0584,51.7289,-7.25564E-15,-8.34896E-15,-31.3273,-9.26837,-79.574,32.9778,5.5315,-11.2041,13.1437,7.12502,14.8239,-16.3061],[-0.00052595802837669681,-0.00080562498876091126,0.0035677678073692265,0.39641000000000037,2.807243,0.209545,-10.4583,-3.89579,-19.978,20.8905,-12.2329,3.84572,0.713285,-9.22862,4.60285,21.1726,20.0699,-9.88135,-11.5831,0.217917,5.45481,-0.746283,-1.23377,0.155264,-1.00637,2.18887,-2.83839,-0.471303,3.03002,-19.1098,-4.27772,-8.73835,14.5127,-4.49962,5.72897,7.95522,-2.06583,2.77392,-1.02374E-14,1.55052E-14,-28.4397,6.90903,86.5382,28.0049,-6.68797,-18.656,23.4997,7.12502,7.63718,53.3418,-1.02374E-14,1.55052E-14,-31.3924,-9.13144,-79.6152,33.0953,5.62247,-9.50997,10.2641,7.12502,16.4555,-19.058],[-0.00045230088654714395,-0.0009034508802532315,0.0037864374471758833,0.41906,2.8179800000000004,0.12184600000000001,-10.4683,-3.91034,-19.8827,20.9083,-12.2535,3.84722,0.606116,-9.23626,4.5267,21.2569,20.0641,-9.92636,-11.5222,0.159543,5.49521,-0.731516,-1.15209,0.100971,-0.979345,2.24234,-2.91921,-0.457072,3.03888,-19.1628,-4.29388,-8.85008,14.6443,-4.49718,5.76329,8.01175,-2.06762,2.80413,4.77083E-15,6.36111E-15,-28.5595,6.93187,86.5711,28.0109,-6.60745,-18.5951,23.6216,7.12502,7.69594,53.4616,4.77083E-15,6.36111E-15,-31.55,-9.05749,-79.5583,33.271,5.90739,-12.2785,13.9135,7.12502,13.7886,-15.6095],[-0.00035332410221367017,-0.00066751784783036783,0.0040568972648312718,0.50361000000000011,2.7702400000000003,0.1457,-10.5642,-3.87585,-19.931,20.929,-12.2386,3.87053,0.341437,-9.33728,4.55953,21.2089,20.0932,-9.98442,-11.5156,0.163944,5.45279,-0.702112,-1.18109,0.0486259,-0.941114,2.25027,-2.95121,-0.43667,3.06044,-19.2096,-4.27288,-8.84231,14.7022,-4.45764,5.70807,8.03451,-2.0536,2.78921,-2.50469E-14,8.34896E-15,-28.6367,6.9727,86.5664,27.8317,-6.1478,-19.1196,22.422,7.12502,7.18969,52.2799,-2.50469E-14,8.34896E-15,-31.6359,-9.15978,-79.4459,33.423,6.76274,-12.7547,14.8212,7.12502,13.3296,-14.7324],[-0.00039015267312846047,-0.00045460267222940942,0.0041201963710910672,0.5146500000000005,2.7773470000000002,0.15550999999999998,-10.613,-3.80978,-19.955,20.967,-12.2216,3.87859,-0.508618,-9.32804,4.67242,21.1996,20.1116,-10.0376,-11.5585,0.767104,5.48531,-0.699567,-1.17918,0.0479144,-0.938174,2.23157,-2.9707,-0.435096,3.04038,-19.2938,-4.2134,-8.72955,14.7936,-4.38276,5.60236,8.06852,-2.02152,2.74469,-3.08116E-15,-4.77083E-15,-28.6468,6.98243,86.4963,27.7777,-5.98802,-19.1938,22.3309,7.12502,7.1181,52.1912,-3.08116E-15,-4.77083E-15,-31.6106,-9.3651,-79.3677,33.5964,7.95982,-11.9001,13.9299,7.12502,14.1532,-15.568],[-0.00054840043877789346,-0.00056393749213268229,0.0040741606574474787,0.49439000000000011,2.87982,0.205729,-10.5837,-3.86076,-19.9807,20.9778,-12.2623,3.81285,0.167148,-9.28221,4.63927,21.1607,20.1432,-10.0163,-11.5405,1.70039,5.5982,-0.740485,-1.24495,0.0343085,-0.99745,2.21439,-3.0437,-0.462709,3.0668,-19.3766,-4.16863,-8.67623,14.9425,-4.3256,5.55859,8.12601,-1.99551,2.72885,1.27222E-14,-9.93923E-15,-28.709,7.03237,86.4132,27.8834,-6.02382,-19.1386,22.595,7.12502,7.17132,52.4535,1.27222E-14,-9.93923E-15,-31.6389,-9.30251,-79.446,33.6765,8.01354,-11.0489,12.7251,7.12502,14.9734,-16.7136],[-0.000696290168857569,-0.00074808034670659218,0.00393029905231157,0.58809000000000022,2.9615299999999998,0.22306800000000002,-10.6979,-3.91698,-19.961,20.9887,-12.2498,3.69923,0.521448,-9.43357,4.54867,21.1529,20.1821,-9.92115,-11.5439,1.40077,5.55168,-0.770045,-1.30863,0.0387194,-1.03993,2.24744,-3.0087,-0.48323,3.13937,-19.4019,-4.1686,-8.73275,14.8645,-4.30398,5.55575,8.10379,-1.98792,2.7392,-2.40529E-14,-4.37326E-15,-28.6284,7.08511,86.4256,27.9183,-6.21508,-18.906,23.0503,7.12502,7.39584,52.901,-2.40529E-14,-4.37326E-15,-31.5107,-9.06611,-79.5826,33.389,6.91113,-11.2573,12.6008,7.12502,14.7726,-16.8528],[-0.00066118793720441882,-0.00079411606035018067,0.0039935981585713654,0.68538999999999994,2.9584799999999998,0.230807,-10.8145,-3.94101,-19.9591,21.0091,-12.2834,3.69071,0.872753,-9.59009,4.5508,21.1403,20.2162,-9.87703,-11.5953,0.831269,5.39736,-0.764881,-1.3355,0.048435,-1.03426,2.25622,-2.91178,-0.481391,3.15982,-19.172,-4.16357,-8.7451,14.6061,-4.3059,5.55604,7.97832,-1.99126,2.74168,2.98177E-16,7.15625E-15,-28.575,7.00444,86.4794,27.8938,-6.1